 PDEW2010  9  7 16 13 32.20 -15.8800 -179.3000  10.0 5.7 6.3 FIJI ISLANDS REGION
event name:     C201009071613A
time shift:      6.6700
half duration:   3.3000
latitude:      -15.7800
longitude:    -179.3000
depth:          13.8200
Mrr:       2.120000e+24
Mtt:      -2.960000e+25
Mpp:       2.750000e+25
Mrt:      -8.870000e+23
Mrp:       2.090000e+24
Mtp:       9.710000e+24